5000 5000 1
2342
20959
15190
14015
21772
24764
343
11828
11901
16436
7631
11627
9018
14867
6699
9131
703
18424
4444
26801
3108
6573
27867
5539
13121
21940
29418
27210
16661
18466
2588
4731
21353
29617
22039
24534
32688
14608
4505
19380
7474
2173
18873
21850
31337
20886
24176
4211
427
9580
27735
30653
4362
16090
946
22530
2425
25877
20654
26442
22832
23683
6375
23631
1361
22993
12845
6705
30411
11072
22152
17515
3710
3135
31097
20230
17569
22335
643
24332
22369
2499
4330
3904
19659
20150
11451
27916
19436
770
2316
16827
4407
26718
15237
31720
551
31335
3360
19766
9253
6643
18476
20546
31403
674
10136
19158
4266
16054
19310
24672
12585
3364
22174
18594
4911
28138
6653
24234
31972
18596
28813
7173
8691
24922
12543
21552
16690
3997
22646
17487
17797
27602
21134
19233
28160
26317
669
23860
16715
32674
29241
2389
20555
2999
18682
8523
3070
17694
29056
23237
12967
4898
4024
31888
6188
16672
11356
27661
19900
6041
14777
12003
27828
2948
21941
13553
2244
30697
27920
32391
3406
5547
9194
29397
2574
9638
10118
31395
13056
249
19789
13123
6014
933
8982
19908
21673
1368
21668
28265
18187
21635
2672
8281
32635
26546
9641
12696
32576
14621
32122
2870
32633
122
395
22983
18364
16150
26058
6675
22525
21028
15211
24078
27057
32597
6957
24074
3124
12201
17632
10795
24680
19588
22564
4123
14240
29444
2675
2304
6588
29074
32354
17323
30357
17335
8227
7954
1691
49
11087
10497
7868
27975
15842
29964
31624
12121
7304
24520
18323
17851
3095
4667
24859
18884
25692
22928
8939
9249
16410
9999
13439
11375
28240
19533
9577
26378
2235
18336
22516
21791
21404
13526
32518
2825
19131
13863
13131
218
32684
26983
25487
20791
11601
15745
9324
23146
9376
15392
8998
30130
30374
7087
16339
14557
32716
11652
4799
30233
14426
31832
24846
28168
28217
12027
17571
26642
19453
837
2881
9471
20771
30032
4336
24517
8086
26340
6563
20638
17016
23347
28183
26206
21024
6855
16382
10756
6495
21432
6493
143
8200
2594
23347
16147
16047
27862
3931
17675
8112
25168
4531
4337
20852
25066
21630
780
19951
27983
17415
17034
7021
15921
3464
30926
27279
31807
19785
22283
21904
3921
26636
6674
9421
25062
5033
104
15493
10193
21238
26268
6109
32047
26857
32215
29991
29084
1793
20661
5987
21415
15073
2643
16646
20611
24383
13226
19451
15359
5116
23323
744
5303
404
23114
8114
6284
27577
11824
4931
32083
22331
5484
31371
8650
18219
26842
25796
19152
21824
25191
20219
16597
10617
17956
30924
24975
5380
8601
30317
31214
21599
5467
9198
31827
15549
23777
23998
26365
22699
2195
8818
28355
14323
7716
450
16905
30401
4898
31956
30701
16388
21963
15294
32705
20247
22563
15430
9406
13473
20803
24043
31222
25274
10484
28458
17035
17487
16764
8186
10783
25543
5048
32153
24971
25830
20843
23434
29652
22002
470
19935
26459
7189
19593
6324
32595
32515
26232
14588
12664
6108
21841
27264
9214
10068
32013
20260
18376
5905
11206
7020
25307
10837
6088
27712
7954
8668
1002
10732
28947
22280
32287
7275
27521
4667
27720
5349
21108
8324
23372
20598
806
27775
17515
30769
1007
7798
15567
25189
20595
1996
17252
31006
13850
23964
8426
27119
21696
1693
3657
751
6062
73
5412
24834
15049
7998
24240
21338
12298
12004
25799
6205
31022
13392
14648
22280
18863
22632
22370
31604
1266
15688
13313
22040
27842
17125
32583
9775
5117
32496
19759
28828
27021
27646
6158
18475
28570
5093
20842
27418
29438
14697
29968
23000
22266
17688
21089
19212
18727
31090
32749
8409
29103
12877
11587
17248
29628
13176
18182
1159
21041
19103
8516
28921
3225
18542
7172
12911
2140
5369
30238
26413
6713
25436
16976
4815
17392
18590
12941
3141
31295
14812
11672
3357
1808
13731
25298
17920
23537
7325
20561
7296
26820
32112
28465
30225
19128
22499
31279
13396
26488
6979
627
18076
18594
25605
18094
29867
19322
15532
101
18108
30944
26093
7053
11975
6527
27153
3159
22272
23112
32668
14157
14752
5407
32556
8094
26089
4563
28835
20406
5732
21332
29576
12306
31854
17696
1707
16467
25842
23807
29448
26257
6776
1264
24046
18673
10335
24931
18017
25978
25446
18344
29116
23588
23410
30888
2971
7986
6795
29651
31991
32194
21799
30297
16019
15523
28587
31389
10903
12646
32047
19431
4475
5048
7041
600
5671
30959
20589
31524
5465
11746
19516
8443
7238
25342
13691
6344
12932
24214
25086
9886
31527
10619
8484
24303
28971
27085
31579
30720
17170
24592
2791
20377
4557
14978
20960
30977
5856
12972
12666
26410
30146
10552
26250
1832
15490
13314
12101
24295
22448
21106
32330
1054
32123
15368
24291
32639
21527
32056
28295
28721
22370
22137
4004
895
16838
4505
14748
5330
31841
16723
2573
2524
23139
7971
31574
16151
9144
31577
25687
6254
13032
29549
9592
2617
10811
25234
9964
11887
1056
16525
3127
14871
719
25288
16621
26368
17198
21410
17085
9650
30449
13322
19631
11172
2566
23372
18346
12720
14128
10538
9273
30403
20466
15919
398
23257
15278
3648
17864
9769
29198
372
2929
20636
29859
5926
2123
23940
3020
16200
20812
8075
19162
24057
8167
30953
8049
11610
31885
27611
28721
29086
29300
3920
3734
13153
12439
15333
29
29755
15358
1299
25257
4500
5951
21159
28708
18874
837
11891
25961
5936
15696
6724
20578
22090
24125
532
2413
26870
16136
7808
23557
19677
1679
23420
8862
22443
17560
5957
22992
3498
15894
19863
28344
18070
20136
801
19612
5293
867
1334
28109
8709
21201
20933
29650
30754
5689
15243
2754
26056
10273
7815
7154
30478
19474
14510
5072
13236
17307
31457
16143
6070
13464
26140
773
31265
17589
18672
30033
22054
3629
28979
5824
10861
20952
9718
13682
25260
2660
32183
14904
32631
17634
25816
25921
28762
25221
26704
15862
21541
10151
6305
14882
4999
15373
6410
24662
2526
108
12029
27020
12366
23852
26067
9738
32528
28267
6847
10633
30989
12613
1280
663
5548
5715
3675
314
31976
7537
4041
20694
18853
24261
18029
26960
17988
9469
5320
7028
22389
31959
25648
15508
2380
24039
14974
13682
29336
20629
22536
30817
25200
13669
29135
8870
3086
4475
23545
19748
9441
1118
14465
20537
10461
19196
32301
32483
14614
29678
27584
7463
18573
10494
15217
5555
2889
12774
10909
12994
23466
5211
10681
24128
2555
30026
18570
11566
19014
8034
12952
14921
13420
21202
20448
5094
2676
16980
24009
16673
14628
24938
5209
8758
18126
26599
11177
12335
9325
11954
21910
24512
5361
18887
32698
11119
7894
894
29083
2295
15355
7440
6945
19951
15282
30807
10062
18343
2835
3797
10025
2643
22423
23032
26875
15211
16354
4252
20414
23377
1759
24018
16083
21045
32018
29920
28147
17462
5162
9865
14696
28873
20694
23438
17021
8543
3802
6260
29747
27458
19298
28296
16437
18624
27030
32289
10254
19852
9582
28197
26266
31329
10440
31950
19898
29672
30392
3502
11340
8412
8479
22769
20571
29548
31871
8163
31122
25057
17933
2738
20471
21120
28680
4980
13014
32434
2122
8811
29690
4450
27933
16264
21283
1191
17487
32047
19893
675
26761
58
5806
19883
16604
18752
19162
29607
13981
8983
13642
20668
15731
23191
14338
9513
8622
9121
11506
17007
4314
20320
21288
5045
4244
14287
7235
1386
22429
1148
28203
4140
15661
11403
11519
27369
12938
23037
8527
10308
31448
4659
3724
17210
5427
18349
3516
24325
3323
14616
114
15936
9327
16776
12286
13645
3454
32258
27873
7156
9433
27709
17028
588
25421
26281
4905
11487
31056
8625
12321
7177
18650
3645
16959
8865
12662
17788
5774
20443
25240
25056
9023
12397
10289
26986
22757
10993
25985
11559
5093
31627
12844
16891
16935
4811
19857
30365
4370
23509
23639
27363
14264
11711
9288
11328
12621
27706
14947
31627
31710
7029
22316
8193
12095
27454
17735
27534
70
32107
7749
21576
1078
27512
18878
18236
18558
20337
29344
6254
4772
21522
26310
13339
23676
4142
5325
30017
24733
12621
7203
17762
19221
14745
9056
27012
25180
21755
26842
8316
15495
2433
16755
30316
21694
18179
31158
29067
5360
6662
19747
31780
10181
1504
26566
12258
9941
18973
9743
26186
30999
5922
1757
12937
30108
30224
988
10352
7805
26603
17425
5309
2066
32764
23731
2716
16484
32115
5181
27245
19173
10321
23489
17864
1119
30085
29311
17598
811
13909
26550
28770
18339
22272
28346
1673
20697
28834
14663
15053
27018
12887
19477
2264
16717
26019
428
31711
9744
4626
12154
3948
29125
1051
8483
3425
89
15178
24088
3386
16870
927
28011
30866
15657
15921
3042
14568
5686
7446
2122
29348
28010
22151
14861
29013
10914
4928
17927
10557
2218
7206
9622
29199
29945
2860
9200
24311
6043
887
17850
22491
5998
13505
20182
22497
28305
11771
23164
30001
25370
17206
14732
5628
30727
2755
2850
30397
27256
13721
17259
26046
3867
18168
5304
22494
9191
28492
28369
14995
27149
3668
2188
10027
7211
8323
10142
23383
5315
7079
6832
6889
14573
32456
6582
24285
31560
6483
124
30102
2870
19832
6017
30827
1097
20944
24329
14946
12792
13891
4206
5179
15255
12329
18871
12721
19590
29103
5995
17404
3240
4220
20648
15770
32022
16277
31087
31567
3349
24702
8002
32363
31558
12195
25585
7243
22301
4086
10929
18210
13972
14808
7022
21498
29729
20797
28770
25077
2277
9995
16871
18137
22310
10692
17545
9419
30975
18789
11616
3419
26454
21134
12445
21953
3343
1250
20066
102
6783
26801
25047
24487
11556
10197
9850
21973
8083
28121
10166
22144
5553
4961
20152
3317
6438
6341
638
19461
23055
13312
3632
11016
26611
30153
16820
29730
30457
18943
125
18373
1368
22346
12963
6519
29966
512
19513
27094
28117
5701
24283
25049
6995
23927
27014
13144
7057
8905
23212
25295
12718
27437
30856
24159
4309
25720
9136
1557
21356
20416
10217
2415
29326
27401
3902
15900
20924
7713
11092
21508
13007
28361
18680
2696
9777
21
16890
19211
19277
8470
24894
19633
30020
11958
19728
9574
2018
19682
27576
27683
8400
15087
30286
20588
24843
18230
11728
19230
27284
9730
26226
19559
26218
12205
23861
2838
9909
18949
3003
22805
14660
244
28250
8499
32313
4705
28783
29223
5891
29009
29429
15058
16781
1106
8534
7109
29621
8985
2176
29187
19200
5994
9276
32520
9356
9528
22203
21002
28998
24078
32370
22142
6748
17325
7721
11230
2550
32247
19278
10922
11297
10251
22158
15021
31755
30898
25255
24193
29046
18938
23927
6229
25191
17440
3929
3054
11550
12211
13490
492
15947
13047
21959
12367
18303
32392
20690
27705
14817
11583
19028
10485
22818
23385
30636
26681
31411
14550
30697
32680
17717
6944
11997
22427
1073
20973
22130
1825
25609
17254
14914
28997
10798
5001
20833
18319
15764
23244
10877
5581
4963
12291
24106
15122
21488
2435
31607
29696
19435
14728
8901
23107
32218
2516
17113
32094
26565
15001
11311
30890
20787
26777
28305
10907
13654
7820
13545
28998
7555
5570
4948
4128
32741
27145
31607
8969
30321
17617
19222
17033
25116
17294
10466
15705
20044
7518
9107
2853
10381
19436
18231
23696
8326
15252
7370
27769
17451
18120
18438
30332
11316
178
14204
30396
19661
4890
6884
5856
16015
13195
5042
27740
5039
29617
21482
27634
3445
28934
7988
13944
17904
10158
25139
8923
8681
27806
21523
10596
7957
21252
22113
5178
21134
227
1824
6441
11140
14078
14617
16545
20016
4088
18034
15874
6922
15033
29058
7446
13884
13332
18404
26847
9046
17318
15306
12180
18755
16385
26516
2022
29308
24074
12194
31623
7547
3999
13926
31469
12659
13693
22205
15956
27454
10337
6271
14338
5783
23918
21332
31694
26505
10703
29642
16355
2087
27037
5797
23234
11902
3587
28279
25222
20168
22176
10096
20844
15843
14892
15734
21394
22529
16991
30840
8703
32672
24334
768
3812
2237
29848
20232
10017
25668
10624
15631
3339
8140
14171
14700
28781
3457
17133
17377
18381
10337
32655
5491
12016
2220
8659
22649
3744
31893
25963
9972
29100
6462
10823
17182
11057
22499
27902
15942
12824
4950
7791
474
21984
31147
7848
28358
12445
17972
24327
1788
31297
22448
28574
21844
8475
30399
31708
1943
19357
24729
31338
28374
10082
27136
5204
23041
10608
20083
1897
32437
9146
32677
2020
25684
21481
2349
25932
1371
20315
23679
30360
6896
28780
6427
4503
18107
10485
9476
4495
3831
24083
10612
12581
24777
12586
18382
15228
3280
23081
6868
22689
29181
30479
22554
31015
19109
29870
9658
9486
20436
29870
30794
12778
9957
21718
3339
9280
19791
15239
21603
16436
30402
19849
24718
3425
4467
28939
11408
21001
25780
16868
20334
18798
32199
6943
28573
6527
24308
22967
2747
19383
9433
15519
25981
19779
5634
1541
14313
14947
20665
16856
27077
30994
2847
21896
29519
26345
6524
15629
13870
7745
11988
6442
25257
5784
3003
29427
15639
9270
3945
22669
22422
6927
24337
14133
5120
6380
5999
5763
539
15046
15521
6384
28176
16754
23607
26007
13087
27012
5517
24376
9872
31341
31833
19586
12013
20710
2432
21906
23406
26770
3630
31415
4021
10462
23845
26744
6075
31021
7765
19672
14347
24626
173
4568
3630
12956
15922
8510
21862
5369
9806
5525
25503
21716
8810
31861
29346
23841
26815
3588
2444
18908
20840
32189
6782
24300
444
18544
10391
26189
25052
9098
2591
14702
4232
29079
6917
31192
18743
24581
29580
15633
28774
4651
30529
12224
14896
32138
20528
29713
7967
23378
10839
16219
4930
21288
17243
31489
13183
17190
8826
27798
23851
18723
3265
10564
25560
28981
2431
22638
22894
11637
2809
2452
7294
31490
3935
8567
8402
22601
19967
8830
9801
28803
17593
21593
20962
8318
14771
3812
23830
14497
1358
11342
20331
8235
14424
26234
30278
15803
29315
9125
3840
18709
32021
30282
22333
27171
32226
21570
30585
18746
22135
18736
31716
29855
921
10268
20336
16202
4334
94
27944
31977
29945
22974
15299
16168
26956
31705
18297
30768
4856
17607
19989
9837
3913
21242
20812
28053
14512
1641
9037
16614
14337
7406
8601
687
13790
28141
4629
15633
16499
2359
22109
22535
14693
15662
26972
28836
24580
18473
23322
13724
19400
14618
16084
27910
27387
17262
16210
1888
22963
2612
19829
25556
9475
9858
7440
10681
20082
27924
25592
23389
9132
14135
3935
1538
15992
13029
25437
13094
16618
32306
14544
32520
8666
4583
19814
30823
7573
16236
23032
11661
7889
17899
25370
2700
13287
17074
30704
27848
25660
217
21315
4021
31232
27685
4819
14050
5148
11053
30959
14647
5221
9403
27716
20859
15894
29813
10739
22552
6269
4797
24038
18979
27124
13269
5475
16791
24339
8775
16353
17121
12836
6276
12827
930
26327
24011
24420
3760
28216
10828
15674
26974
18141
5774
1309
7677
28004
6670
18594
20386
12573
23849
3011
15146
16643
25147
22905
18812
1265
18953
1677
5902
5906
14172
5802
5291
29082
5615
30648
9587
9395
18571
1893
24099
10426
625
5892
18838
8364
20472
24987
22156
8411
4727
10295
21163
19942
29541
26755
5827
26599
4799
24985
18518
5614
29866
23320
21592
1455
29274
25207
1843
13175
12850
29337
26126
28261
27437
14753
11599
27862
30588
28935
6238
1313
31345
31724
22188
24197
7579
16298
20981
11871
10547
27312
10690
21920
31670
7565
2097
29311
9428
10826
13304
14955
10121
24061
936
12356
10122
2203
5679
2762
1506
14094
29857
24406
12509
21383
312
25800
11045
8214
22425
25280
3627
16248
600
8465
3016
16432
10687
27506
13093
24025
8139
32119
31960
27834
28024
27328
25167
9115
17726
22385
1138
14295
32476
5345
9604
32691
84
30359
31306
3822
14391
29554
5744
409
3362
26407
30760
26921
26249
2033
30484
4043
12979
25731
6758
1527
3590
32322
6726
11848
28549
21425
4212
15243
32407
28460
7214
21782
30218
19930
32084
21851
14423
13021
27338
22204
31016
15051
10270
673
8215
17250
7786
22216
18617
31607
31868
21725
987
12080
8757
20555
15883
9331
23343
20049
28507
7070
11426
11352
30817
18553
14985
132
20610
22377
2048
26761
26993
21222
5873
15040
27634
32046
10991
19834
12772
29243
13154
18580
8574
9715
8421
13643
19929
4768
10732
16466
174
11167
17066
25122
4450
26716
19506
24978
11583
31614
16092
25767
29957
2654
21482
941
5025
30910
29291
4742
12860
7352
25440
5187
28023
28404
4382
3313
12277
2846
22003
9653
5659
5271
7692
22300
16147
21355
24726
3500
12055
7556
13348
31935
9964
24605
593
5009
5292
23929
7846
18583
457
29396
17598
12050
8783
31386
16807
2789
26985
7895
19596
22179
18215
12270
21137
28653
29566
21391
14847
24059
27281
8163
24737
26232
32302
30473
22894
25747
8348
14022
11623
5715
19604
4216
9155
21546
11917
7500
21834
26318
29501
689
3839
28484
24412
15117
18433
5437
5291
22190
11955
28582
10293
18691
4379
23419
28116
5644
9352
13532
7416
29711
28792
9826
12964
13709
24760
691
13497
3956
17101
23636
14967
3990
12947
20415
24129
22362
14884
13238
31904
28337
10491
9174
25739
17228
26202
6511
23782
10253
17128
1683
9032
26811
3487
10093
18433
17913
28645
32212
2908
28025
21753
11040
8225
17005
24721
7229
30558
2622
14530
15358
31079
20865
10015
8115
20508
7463
21797
25085
9834
15347
10199
8161
277
19506
32421
19484
5300
18854
22930
19638
15613
14275
10902
5850
31042
15390
22081
15589
4668
15650
10146
8893
19720
22788
15207
19556
20335
18682
9797
31437
6506
1192
23195
2798
14309
14811
4434
19222
5316
27770
14855
14977
2084
21178
13932
26410
3811
16784
25835
24032
19042
15724
16013
24732
11657
804
3099
22290
31500
7470
30339
11654
30957
22803
30332
5601
32067
12576
26477
24324
14393
32351
16779
22108
24409
1734
16194
26550
7691
15277
29143
28501
28504
15494
2379
29250
17652
29128
21378
12516
8060
21548
13989
18384
31740
13340
10948
21218
15028
5480
30400
18061
25372
29500
13416
29551
26917
79
24546
26665
22466
14172
30285
9581
1191
20438
26532
22617
12624
27352
24549
3843
15686
3163
11123
6997
19870
13483
15033
6171
3522
11804
2321
17498
28020
25336
27364
10467
15
20413
1810
15401
24848
25989
32660
30800
16854
28870
3424
6022
1190
22587
5004
27286
2290
18466
28087
32186
3291
7592
32165
32689
18420
9890
15401
7954
9033
2429
20808
20960
12960
27000
30619
15198
21246
6928
12021
9253
4717
31932
582
14451
17661
18395
25791
198
27401
28139
27191
18602
19643
22011
24270
26575
28370
3683
464
8542
17571
18098
26588
3469
17246
9704
18501
16754
14995
20710
14776
10516
5621
13602
8735
18376
27741
27551
24006
21179
18
18461
25020
22987
5191
26765
23933
29339
15333
22727
8141
6630
1419
7807
17127
16147
10451
16757
25559
11786
6360
9197
26917
19271
8181
16223
7347
22060
26831
6511
7400
9628
6293
1311
26894
4805
24198
1092
3321
1597
7348
23863
12266
23377
3592
14540
2739
3482
3463
23688
2331
25809
25299
21774
6787
4835
14325
9435
30154
30792
7257
19251
21615
657
14618
14171
26869
22849
6785
31753
5260
19678
13000
22297
8173
15432
31267
24961
31622
25673
20481
31623
19159
19820
398
18738
16156
19475
6525
21246
1324
18116
23814
7891
19105
14020
6698
21816
7737
5863
11070
18117
12156
13478
21415
26070
12703
6002
23011
2183
26025
29256
713
1756
4052
21382
21009
2367
23606
1789
13334
6960
30368
24135
29915
22072
22983
21338
10316
14622
6561
14686
26567
32606
11538
28604
2267
3287
31432
19320
12624
16836
11620
10944
27751
19181
4826
26309
9570
16927
2842
6089
11079
13017
18928
24441
8674
22344
28712
11646
1033
8565
16375
12879
6948
25790
28822
29769
4076
13187
25904
15105
30834
17697
19198
17625
1891
30756
25265
31441
16523
17592
30992
5792
22169
13153
21218
28420
5666
11244
4110
24150
488
12454
18945
30561
1115
22987
29008
31860
23136
9537
11934
19638
6994
28294
19137
15290
582
8936
25120
1875
23700
1524
26463
24490
16787
6704
14655
13709
30627
525
20415
17162
10865
27927
17544
573
22134
25967
14983
1638
3521
4475
26844
27454
31223
15836
19699
20108
16280
17312
18416
2035
9859
7865
11089
4878
11197
18606
30926
24511
24686
11153
22916
31939
14892
16689
4179
20618
14460
12944
27525
21574
918
2968
31152
1347
26729
22281
1501
118
21983
14006
7913
31832
16226
19441
11820
5365
2207
1092
24921
7743
24202
7778
27557
28841
8610
31580
25132
25585
17782
4120
14224
27709
18792
2816
6883
3434
11953
503
15815
6305
4005
15505
17875
26667
15416
28291
27961
3462
32706
30296
5798
9656
29695
29798
22634
18403
1370
19969
17113
16922
3179
28910
26097
6259
8382
27418
23101
31325
2262
10892
20728
8756
27505
31129
28534
21267
9742
2903
31168
26858
27821
11348
4223
11984
5846
27527
1563
28570
15836
20358
3875
29868
4195
27642
20976
26383
32544
27472
6533
18116
9952
24754
12218
27736
7116
30262
8858
18617
31211
19285
30985
22344
24296
6046
6826
30255
12566
26027
28415
6389
22449
31317
30674
2384
18535
15396
27348
10810
3606
12041
3717
28998
11480
22608
24147
2613
1853
7888
14854
22724
10455
31589
9307
19657
6652
3488
21743
15486
8391
26812
8543
14621
4960
11476
430
4525
8061
16468
13287
30747
11049
15790
17155
31884
12997
26958
29964
21234
18508
17359
25731
5853
6107
3183
18688
405
5488
18368
13080
18021
14321
7841
16259
2361
25969
10605
1406
9068
29872
31602
17519
10971
26592
677
5320
28478
17583
3987
8237
25016
11649
6555
9433
6828
8189
4955
18494
29139
31948
25448
31979
23691
15517
21826
32691
1650
30317
5767
12300
22580
6917
5222
18357
24737
2500
19799
13724
21507
25246
27401
8190
5550
14693
14492
20944
32728
3655
18705
5982
23979
12185
25087
20018
19353
26835
32391
11319
29168
8923
32393
542
19886
22918
22040
32001
31638
2652
20780
11078
14723
155
16279
18631
4605
8831
7483
5679
26122
9153
2681
16295
18758
16733
10477
5811
25654
27289
12376
9046
20698
31555
20445
20605
9601
27450
12145
14235
8673
5936
9613
20368
12903
1709
29989
719
15820
21335
10206
28864
28905
5490
22652
24163
31948
31139
409
6711
31499
25593
9373
22362
27736
17453
23786
17393
1366
32553
13143
24266
15788
4552
17888
20544
21847
20701
6044
19039
17476
27254
7407
13385
18462
3170
22528
9432
1125
21488
6509
28805
26816
27386
14654
20105
20884
30242
23576
22850
5845
14428
6323
28119
32028
4013
4494
12063
15610
12082
22242
12223
5261
14947
9428
1939
5968
9625
20974
22608
12343
32718
464
1383
2556
2468
28707
9004
20915
15785
26575
24887
1957
11738
14958
29706
21083
23142
19456
16885
2041
26036
1760
22327
25038
18854
19447
25958
3624
29216
13103
21009
5229
24772
12330
6307
16231
15872
28469
906
480
31563
32375
153
2415
27307
5998
5291
29585
28539
7325
12938
22779
11371
8062
30991
9007
21192
702
7306
24654
30462
3241
32611
2349
3675
32228
15874
28074
31253
90
12781
15169
17295
632
12336
20954
28120
21149
1794
23269
116
3788
32421
22185
12128
15525
24974
5081
17488
7571
20422
17769
11579
4934
24976
10911
21529
10340
23884
32109
9196
4475
1179
6910
24317
14907
15556
6799
10856
13026
5719
18048
29402
4599
30736
11179
3738
7739
28925
13044
16582
21725
30179
31009
480
8173
3551
22765
12681
20755
12873
23383
5515
13441
26077
576
18973
20518
18205
8501
1891
8996
8689
14474
24629
31109
17553
1704
24097
10281
7076
17319
7859
17667
22954
15136
22003
12166
11671
14396
23088
32089
19648
30737
7420
8018
21499
5679
13688
21154
17410
10101
24530
12877
7449
30506
5643
31966
24049
6729
9726
25176
27083
19739
26782
28271
6624
20235
32383
25336
32257
12471
13720
5791
4219
18499
31815
11224
24893
16370
1429
13336
31805
29431
700
4932
3863
3208
5606
14186
4599
7477
25144
30895
30650
6776
23823
13704
10576
31885
17545
32557
20581
28291
24392
27211
13632
17556
26994
22521
13291
11442
21244
19182
3220
19810
13097
7409
4915
18125
5453
10384
621
18964
727
15125
30136
15077
28302
25270
20161
3916
25883
27916
2571
25035
9928
10695
18136
27052
3719
17823
1612
19862
27190
20878
26064
1119
10273
19004
22709
14369
32201
13243
9497
24464
27620
7540
10255
394
17316
8801
9466
22256
4412
14717
9274
16053
4001
27257
9483
14388
2445
15025
9897
22471
19402
26206
19641
27029
3245
14861
8932
13995
27873
8272
17349
8271
30053
14259
26373
1424
14040
1265
6852
10018
28149
5480
11323
32105
20826
9675
928
13524
27789
8471
30538
17516
11328
3016
23062
21165
32724
12108
18697
23700
13341
6584
31799
21241
27493
17850
7907
8735
22195
32462
29415
22410
5197
21941
17239
23056
22395
14628
27233
26675
15758
1721
28279
20654
29729
10290
31409
6478
5279
4321
13932
2051
22789
12123
16440
16951
3561
10097
20465
30302
26044
26721
17451
17359
4428
29517
7891
21714
16780
26091
13588
24314
30360
7551
5752
32181
16372
1542
28496
6945
21012
27060
27221
23329
5410
21665
21903
15537
4347
24768
3702
25974
23163
32272
31064
19353
26106
2838
2042
12758
25366
20874
4994
10704
1459
15185
3476
4264
24641
21419
19644
14797
13118
26798
30732
15382
22011
24819
22022
5390
7330
6543
700
5775
24440
24644
20789
21138
1888
24057
23571
31045
17313
1384
2419
23902
19688
23063
1557
4783
22929
9097
31677
23291
10018
24757
1752
21769
15640
4023
12131
8694
19687
7622
26889
29903
21308
4966
24203
16480
24197
20702
3173
30534
7859
28397
28335
4684
8766
6073
17985
20724
25706
27656
14618
26707
4298
18610
20995
5154
8194
87
9071
15891
12752
23885
4518
12129
18510
32732
2082
171
18545
27822
7737
15362
25558
24449
28413
25921
20414
13855
10337
23708
27991
1936
5533
20348
18237
15246
10451
11147
2112
13881
18418
18442
20328
27660
24795
14699
1334
29200
2242
796
5677
24143
10967
7073
13969
3212
2598
30437
4975
6961
6844
2770
5341
13449
30220
543
5507
30767
28305
4457
13146
6343
1716
8838
7604
491
20207
18966
1149
6760
28467
15194
3264
30379
24455
11850
28268
3958
5107
27617
8025
20696
8092
29884
12166
5467
4912
30179
15013
24959
6788
32743
4825
29543
7548
13357
2238
31443
26668
23689
29866
3406
7740
8462
25906
10921
32145
20517
5872
26023
13353
27869
6532
1274
19783
30594
17881
12398
31185
9329
27050
32357
14326
29994
19524
30083
7699
26535
28813
22186
19672
12269
14405
17193
19623
12256
19596
4912
23100
8539
28580
28808
26259
9856
7161
2432
19974
13389
5214
28715
2743
2928
18842
31176
26157
13149
14627
12930
28226
11165
10537
14682
12604
18281
26070
6241
1338
26487
25557
27946
24274
1556
27665
30079
31480
18803
13503
21587
24609
4165
2974
8952
31401
11401
30077
8850
22642
16550
26367
8652
18383
29367
31387
27337
23968
27174
18406
19806
9918
19324
16405
6526
2201
9847
13245
7669
5407
2654
26078
32601
21984
13457
20512
31550
21104
3428
31836
27562
22029
26413
5982
7881
14466
13212
8426
22241
11851
9035
23804
1671
25594
25494
27220
7444
26842
28333
8754
30547
11473
8679
9567
18556
5515
3674
14956
3942
28372
14248
24894
27640
14918
13595
16331
26849
8741
26869
19486
3464
4999
16897
22433
19526
17336
15214
24475
8404
9436
3805
18168
29439
3542
19641
23881
4515
6505
20167
22283
22998
157
14590
6956
24164
29797
31896
2507
9084
14974
4457
8256
17064
4506
22896
7772
2818
8382
25260
4337
29094
30185
31536
26005
26211
22518
19322
27556
24758
28611
27393
26244
14584
3219
8973
5421
8662
1969
21451
21224
22018
2903
12193
13654
20008
16589
16575
19381
4900
10709
27895
25439
114
10567
27598
30099
2789
32505
25299
8824
24476
15073
7215
23903
28467
27518
2942
11849
14646
2931
5341
11433
27611
29302
19012
5995
11248
19816
4887
11828
6418
25029
29175
12268
25120
8255
23774
8826
32239
19110
23403
18382
23615
12555
24442
25637
8942
18981
3064
14728
19308
10996
24054
23702
13423
8611
27643
18052
31720
30643
12191
18530
13621
8022
3413
17312
20376
20505
3721
19408
16616
22214
491
5549
18566
7305
30218
22365
24211
10577
16932
32243
9056
9593
4412
23608
25382
7848
9070
13995
504
5110
14720
20678
25589
3408
24249
24451
9666
16925
1270
1311
14648
4897
9978
14878
14937
23458
25862
18319
4233
24010
20393
13969
12283
20045
21722
22806
3945
17228
836
20455
9736
2680
6113
12777
1467
10874
2506
14494
25990
5011
2126
5614
12358
17279
8001
22312
27552
24736
30102
31044
2872
4184
23089
4715
1059
3255
4854
13497
13470
15702
8742
28225
29696
22402
30187
2641
24301
18845
13873
30712
13261
30146
9400
31174
21372
32680
17255
723
14915
12745
13540
25858
1288
15811
2913
13447
22209
23550
31161
1191
12847
3727
6843
25023
7112
2908
17093
11400
6133
4481
3990
15001
22909
11763
10845
24622
13377
13155
28693
18215
10283
26982
29717
14164
6241
14034
4323
13295
702
19307
31562
4714
19330
3263
2988
28268
29000
19022
12697
7958
15673
31982
17823
4490
17280
5486
11620
11438
18429
7802
1523
8749
23358
13758
18516
20671
17323
8271
7263
7083
1792
32326
19921
23434
10241
25006
6048
19533
27753
19616
14732
7297
16163
23212
3063
466
700
6523
1526
30414
26649
21683
27048
1516
7525
22811
2759
17869
26958
29440
25468
27329
1649
11223
27512
4493
21266
2851
25920
10092
10513
24217
5576
4947
29209
19842
6724
1145
19483
15202
20539
2583
20987
15831
989
22636
23689
10691
22678
24325
20402
31661
8163
5179
18424
8037
4709
6653
15391
23271
7988
8144
26409
24706
17781
9747
3717
19514
11311
1672
30852
4202
27738
26128
9996
5550
16697
29622
10896
4607
4842
6383
8511
23328
3900
32544
13948
14394
17600
3681
13967
30403
29731
18817
2714
18083
3002
11082
12494
8602
351
26886
1246
16860
32380
15938
27828
27647
4709
9681
15716
4119
24299
9236
27742
1568
29486
1657
24807
27036
18610
15426
31178
22652
5813
11400
6986
6468
28608
11647
22876
27755
23933
251
4627
3328
28360
31283
3164
9364
27656
12485
28395
13907
9664
25851
9077
17780
4449
31053
31264
15060
10339
9511
8504
19933
15763
17644
17699
29869
15535
27450
27799
8052
2096
6000
25866
17182
26983
13677
21354
30515
18123
19099
15631
11003
5266
29741
7406
13797
13182
6820
22799
18217
12794
32408
11329
30893
9061
693
22540
2342
430
22276
13031
383
19745
26987
26283
18814
24192
16248
29512
28581
8022
7514
18870
10326
7304
7728
4911
18491
10029
8583
30876
15845
30623
12829
32333
20147
1746
18923
18412
6902
4581
5987
22708
11602
31735
10231
9182
6504
572
7130
348
28081
30288
18186
23242
31917
29387
25486
9378
16702
15893
14588
30639
25166
20348
23871
24260
6584
10883
29335
11437
614
1149
1761
28262
4535
26715
30745
19851
16419
19651
541
30480
9505
20578
22964
23090
2632
4226
30926
21421
14773
19935
14
6448
2990
21430
20869
30990
30596
21792
18625
16950
